(3.141592653582148086514428810975724587006633057270369833673362000568127142019956115)
(02445945559825349043809525720557485724285836160359331367702678235478132116534498164)
(70605477624168279679766067442786294657640784962524517686838689443904512440168427394)
(89793238463282306647665933446106315588175759591953440656643045263560822129021960346)
(90830262875546873106548586345415069596370766010898915210463600934178720275596614524)
(91928625189835814541009520391949459512694683493996514327741559911365497627522674676)
(72643383279093844609528475648234881520920092186117386021394947785771342864034418142)
(52230825115956286327886593615082953311471018194275216205692164121992023648066517321)
(72147694855620938837863600471237137983525957298091908559252459807977156988952521385)
(02884197150582231723786783165962829254081932611796395224737757789609159813629773344)
(68503588235378755338182796686172785595559619896602405803458631503049911988187235144)
(92192221849506800642869609563698258226206592509372539594310414359977005225499546693)
(99375105359408128271201909191715364363105118548190702179873637178724771309960261931)
(18819375195778823030195288907509834676783744815019351128618297453479775356197356854)
(82725502542251252051143719172875224894077216964615199725246801296160894667278239858)
(20974944481117450245648566927892590360074462379960943702771468440901518707211371010)
(00313185778053203530185298175463746944825537925338243005570674983636980742616136115)
(73568876717973929848964677646575267194782657098583878459872736416948685564565961165)
(92307816484102701933460348610011330530562749567350539217176224953439999998377838752)
(88617122680666899577362493931925577472684713558764024850549458854252786255255213347)
(04946016530841284886739624138984826764105978859446958486558484063533548862305062862)
(08998521105559454326648248820466521885752724293176752346549585372978049951587533208)
(31300192787259941389106040092770404753464749647326358692699565181841757574184946846)
(68049886269456042408658326459909026401597729754938367362224220722258774564980386280)
(34825644622948913393607261384146951891227938184674818461050792279059731732881420617)
(17661119590924972177520167113900620804668491419927269092721079467289097743852332392)
(72327917819652850229958133904363944374589301617536260991246284886481555936345683421)
(17067954930381960249141273941511609483011949127669405132689258923516096318597669147)
(30321642019898347913151984882401225906949120426992279750930295577279380000739414333)
(60857843832106611863780275900953050682039284681382080512438884560285061743241125150)
(76069479009714909542858444703742007318191197939567945208003068038441005508106230558)
(76317229109816671113699089322618542332609729180937734421314495766655730925334885034)
(67002378776634328587809907965479389713111853061422897692656726171196377622224771594)
(51096596675985261395265867820578539062952061419695146550227734549202658796998176359)
(42187909152801786585163988963213293971208443340307074698572624334471105578511365768)
(67591344017156983052353761255176790429782881375850431463853067921337575189150495300)
(94025228865549781891051141354198387447863428754445231603881605414665963574736383125)
(14712035067127483150197016308985706457326548932112019130418930396837634668205324944)
(16627494704208089330657567513575156475032030633217518360965712959501569844489333797)
(10893143129784821735739523108478489680643745123932093725297444052571459532928191858)
(32228718515116851720467525908239119325203303801964262434106531098965803962657956223)
(05389574067954578296664541986915140297986622391807638326049631862096340878056691368)
(67682998948713427166103321445713718192179962137855952850732518102897064126186125863)
(52093539614376576187091548141974636673076211011007732269780269186205678771855609456)
(13140771637752547791745011287080859971721591607166416274947265473676932599392287489)
(40522658804852135969536868751943598391015916638937787666002132440110971207321579198)
(57251210833515565088654985946158360414284492932151280731891547693125708455296541112)
(70004072021149557299614890304801094127716692547888800786942523081777805419341601015)
(03307564270231442952406430218459561814675083039069734088190716280439039414848829157)
(91513698490998985963718027091388303203608424448544110104465863566201266540853085473)
(32699615814002504639947131472213179487389866525602902280367515906447377441886179286)
(80477555132384937187113191048481142691239792077346720486331734759515677164470609578)
(20914442198238734558199430992824903758996376698388232527162855810072961434443183908)
(14546601262285942962107340476477726249494501144721040317735023507242631298609208747)
(60979641451525765403005370614648940907182182562599649651453957700420335270695722006)
(75103342833163550448895757185243744179522868478010526522736065987645867697514464588)
(07971302164715437518957324142548546540628433211860820483540567048099888687178249385)
(83746234364590279934480674919276494231961661521505796268567869936007091756711667110)
(31412764791853528289059230291327656312355265821116603968611791045566140680027082668)
(30509792592359614589015403321571663937900319000422960386743513413260472156951623964)
(03716355782973523162499341316663652894561275310408591337835049316395625865864803048)
(02929016187662540790914278476847219601212282283345085461199665321835646229567302292)
(27111723640516553790446047746436346553790126975277219005522769306245864573021149658)
(97943344604281913181480961932668638134078330464144282212840425125570552690005876075)
(87952406163513571113668608490035993716231048608250385815384200134967151191393391834)
(35439478686627333791599505494986419270466847653561484255517435363256631598193109243)
(23789512627203727777103863606273567336254232777263465941925651798496520985825104747)
(09425225771994109119393770242429301711444893021332195685338621881909730356803449032)
(21818528699585115627374256269563872931776164773798792530343916078154795167353816907)
(06977934314653193877343177630354477683944975387047458784069411352803385072241643961)
(36254291629913251910760165130050046409038907155184306867252334081198004979820595510)
(24085140065784322988010490377848723320834675200490513984425381811528432974167729422)
(36250827777416031207545654528035045072437205835778720192701314701302648293972676044)
(92569306455377208252026151683233646449544400354550076628308711233407239610022635353)
(66604433258273723198919868359387601123029757155527822341576236679570611478672422921)
(68895738990665541832207770927723554710311477119971528073174781643788858478316327420)
(42083991403734087985318873503895170619869075482829493042827892125368540664319204199)
(47885698670587571415951465741268911367938619653621323610642506086153315024654366803)
(79862300176397929331201905166585954870226063813346790770715518529092805777756062085)
(66119043287526287058429725298939223385160263271377655279077126294619395097904553859)
(38143154706967811196358049256487927089438793926406160390497500844521274730980676928)
(59377647164419521541096280490979081435626776879695721344473054520116588887644624625)
(45433728896399587916778131445172201385052983491397517546132295639891906996395023439)
(55445747458550330059408785561453729362016295136358155965627109539245449454238280689)
(95122893578341899485426360197594517180970309833960570073343934196562824685792613153)
(59584947572917496990090191280696501874078668039539846838989358211524530054595977837)
(79332323342130681216023478673303154133714207422020205919465897236828860664004824356)
(01588161744734567388828161332624643626713077109879243693113134914341503953527735068)
(77246064263574552116971737178440874588183385103936383047674562701005806855010237421)
(61707301545948764962867904688383448928307223187277605514131034813408414863776700961)
(91642193991266830240910414079295984703565771028402517860904061615288139203767192824)
(46257593408005355404352311772675079817429958180928964766995889706956909411303692221)
(03272248261177254370906955105008011596131854308407611850210202645600162207151249149)
(07236234292952522088621507842226293486799806636570866711498437909904203322909416333)
(03910984917541760066510122554709589724716259175831832713653494060150952617948892186)
(54185896381479396122579086996033347546495530130527936723585020374288021040430272536)
(46844117311872676752451670908003415872282548892646558343434231747336333467685147225)
(38374238188399944120065975045563579266854513333142517029340216654437800297413648022)
(96709183903671429894671027634787069781038292054274628072452256392764579318607648236)
(94032659186220415420700069928298053498968802545661769338578194804575932214477379182)
(14088354697486762585127617812210333461239480494692348896237558900452076651479807057)
(65613672220888543578468781081754503097164651654036036726513410550657922955341433462)
(34044378051516184163412066041835022629174017296702671138645581493140529393751703408)
(65739177655165827658382920416974992356707911915376684403236328822505394259029851446)
(32046321513755688614445811193071412438407007045328651059240190274249887275851897576)
(64333894525784756516997180653556878820273464076559047367812301763475748143661991041)
(50968288758483588459748442360302549478026734302822609275249452556405696959469959279)
(06821200372798392314593571233908663973604112377065874882216248439146101264835216413)
(76742399508299811614101725253256720922224532909945681458768712619356709110337511173)
(47826569953142775687800719304524901141954418604142603579964644824651515657612186073)
(88377814004152970984922528438339529423599843452256981579340359989536999892256969031)
(49506591228508002996078353286129103985626476506526530560348913900137751721547191855)
(09957449066900290951776189323492123828153636395480092565049368754711962561967337842)
(33562823028783076671605049225786905076251610507067897669745394590944959688159219108)
(57598555821572586909291604248776182691490556237182941279562009939008031559046449026)
(36175834413702835297162292796501091140790704480026708183609003184439658262362561256)
(08963208070944474561242471431006383527056235262205750596070469120905600101654423919)
(86203107125703028840026582976515784250391270336931378361031029124853090665512816228)
