(3.141592653582148086)
(51442881097572458700)
(66330572703698336733)
(62000568127142019956)
(11502445945559825349)
(04380952572055748572)
(42858361603593313677)
(02678235478132116534)
(49816470605477624168)
(27967976606744278629)
(46576407849625245176)
(86838689443904512440)
(16842739489793238463)
(28230664766593344610)
(63155881757595919534)
(40656643045263560822)
(12902196034690830262)
(87554687310654858634)
(54150695963707660108)
(98915210463600934178)
(72027559661452491928)
(62518983581454100952)
(03919494595126946834)
(93996514327741559911)
(36549762752267467672)
(64338327909384460952)
(84756482348815209200)
(92186117386021394947)
(78577134286403441814)
